0.375935 0.258821 0.725068 -0.0167539 -0.0832759 -0.146958 -0.119686 -0.365595 0.291698 0.0638518 
-0.0307328 -0.245735 0.160524 0.304729 -0.258675 0.336492 -0.692762 -0.0720456 -0.383426 -0.0881854 
-0.082974 -0.0734738 0.152604 -0.868124 -0.0968368 0.154998 -0.133124 0.0882848 -0.220869 0.321073 
0.152395 0.0274684 -0.408119 -0.110415 -0.3468 0.0271562 -0.422114 0.140367 0.686746 0.0822003 
-0.0574329 -0.493995 0.0423524 0.0701964 -0.22692 0.512301 0.42806 -0.387235 0.254238 0.184882 
0.0962644 0.128519 0.18705 0.0996446 0.583514 0.585467 -0.0795311 0.415044 0.222431 0.134074 
-0.172791 0.329965 -0.0219947 0.336365 -0.233824 -0.0541165 0.0546489 0.0906704 -0.132068 0.813259 
0.824589 0.128302 -0.345947 -0.0276469 -0.0350773 0.19035 0.119211 -0.109091 -0.337062 0.0772166 
0.196942 -0.154521 0.316143 0.0740389 -0.491607 -0.0252824 0.288342 0.69233 -0.0298866 -0.161978 
-0.257808 0.675803 -0.042049 -0.0823659 -0.327019 0.442029 0.141259 -0.109536 -0.0378803 -0.364082 
