0.210523 -0.515067 0.0465489 -0.25706 0.0054275 0.0874691 0.327798 -0.280209 -0.0312908 -0.653844 
0.0161604 0.147936 0.308884 -0.0751227 0.640001 -0.161282 -0.394307 0.0969347 -0.435441 -0.294457 
0.0747623 0.20338 0.754874 0.349449 -0.23374 0.0121658 0.375368 0.222046 -0.00572634 -0.126797 
0.117049 -0.292242 -0.0174517 0.569008 -0.296733 0.344402 -0.550559 -0.0934247 -0.196754 -0.140002 
0.557246 -0.225198 -0.194899 0.0949768 0.253766 0.224941 0.298239 0.450807 -0.299087 0.30844 
-0.141249 0.46829 -0.503511 0.422121 0.117513 0.0818823 0.320331 -0.00753533 -0.131942 -0.434111 
0.352852 -0.09407 -0.0953354 0.273522 0.156253 -0.467591 -0.179569 0.248419 0.632198 -0.214606 
0.235306 0.194908 0.167823 0.114388 0.439495 0.480458 0.0278579 -0.51111 0.387223 0.171597 
0.581913 0.5188 -0.0578865 -0.386745 -0.384443 0.0884679 -0.223986 0.00194232 -0.0524544 -0.175366 
-0.295227 -0.00715835 0.0130893 -0.240239 0.0641122 0.577032 -0.135294 0.572556 0.333823 -0.245486 
