0.0916857 -0.0604416 -0.423842 0.389221 -0.17311 0.0429164 -0.285001 -0.709519 -0.0547123 -0.193289 
0.438994 -0.325093 0.237828 0.496233 -0.44052 0.0996816 0.284229 0.267194 0.030364 -0.204191 
0.235869 -0.293103 0.288263 0.249996 0.686321 0.0425072 -0.424832 0.0653606 -0.220512 -0.0814843 
-0.252246 -0.0110915 0.590443 0.17307 0.0276879 -0.514023 0.280951 -0.457748 -0.000868422 0.064955 
0.675893 0.16133 -0.154102 -0.0959011 0.0886888 -0.508235 -0.0513395 -0.0260467 0.359632 0.292196 
0.14131 0.03244 -0.0599057 -0.342807 0.168312 -0.195896 0.218193 -0.0436747 0.012059 -0.861109 
-0.40529 0.0823835 -0.161085 0.391324 -0.0638871 -0.456098 -0.354201 0.42013 0.29286 -0.223671 
-0.0956583 -0.246441 -0.522637 0.218983 0.310951 -0.246368 0.536581 0.116384 -0.350065 0.166182 
-0.110607 -0.830111 -0.0564216 -0.398175 -0.195073 -0.189475 -0.189255 -0.0471579 0.13938 0.0743798 
-0.13104 -0.144721 -0.0496016 0.153177 0.359377 0.347697 0.281308 -0.128533 0.76827 -0.00478267 
