-0.0577216 -0.262804 0.699722 0.296315 0.207999 0.319588 0.0308635 -0.202068 0.0776055 0.396209 
0.164064 0.15557 -0.17439 0.282241 0.0700509 -0.364046 0.499094 -0.664886 0.0164105 0.0996718 
0.706978 -0.422304 -0.215016 0.219833 -0.27481 0.204074 -0.113945 0.00491441 -0.298997 0.0878085 
0.224655 0.00127694 0.486779 -0.145602 -0.316065 -0.541689 0.346341 0.399375 -0.107839 0.0834802 
-0.15193 0.320663 -0.0716693 -0.215531 0.0420194 0.0825502 -0.0321081 -0.0409101 -0.738272 0.515919 
0.304675 0.234918 -0.152848 0.216787 0.456012 -0.307336 -0.32707 0.306412 0.28844 0.441774 
0.00433373 0.0860556 0.0431145 -0.293991 -0.576878 -0.0964379 -0.411504 -0.36966 0.360908 0.354907 
-0.47951 -0.270363 -0.0806009 0.573629 -0.226841 -0.406647 -0.303566 0.0489749 -0.223707 0.00368768 
-0.270975 -0.356742 -0.399544 -0.0699868 -0.119772 0.139156 0.473798 0.2703 0.269127 0.480716 
0.0133543 0.602173 0.0173516 0.49918 -0.410011 0.367377 0.151782 0.223381 0.108204 -0.00278158 
