0.644204 -0.106508 -0.0908096 0.400059 0.498546 0.274343 -0.0250441 0.0358676 0.00996854 0.282026 
0.175787 0.103674 -0.133978 -0.0417755 -0.428604 -0.0449958 0.354547 -0.0929453 -0.590648 0.519347 
-0.232155 -0.29381 0.402006 -0.156656 0.130553 0.606594 -0.146403 0.115231 -0.500339 -0.0598292 
0.260684 -0.144712 -0.439978 -0.255837 -0.251551 -0.00807588 -0.749418 0.0606789 -0.14612 -0.0454364 
-0.199841 0.157743 0.267694 -0.00209037 -0.192555 0.197436 -0.312639 0.11205 0.439013 0.696008 
-0.243671 0.466275 -0.122485 0.661344 -0.113155 0.0680327 -0.203822 0.34685 -0.254105 -0.164264 
-0.388838 -0.258639 -0.618262 -0.125673 0.234502 0.109122 0.250036 0.452103 0.0740933 0.211104 
0.378129 0.136659 0.00844421 -0.164405 -0.433156 0.453842 0.292318 0.410881 0.283324 -0.288271 
-0.0701009 0.662608 -0.267767 -0.348414 0.298253 0.366296 -0.00487832 -0.372773 -0.0230637 -0.0173845 
-0.183967 -0.322068 -0.279164 0.382908 -0.325541 0.398783 0.0576937 -0.572778 0.189074 -0.0756271 
