-0.15632 -0.11952 -0.198085 0.592812 -0.663745 -0.219307 0.127674 0.118854 -0.0143204 -0.226561 
0.246618 0.40608 -0.242842 0.187489 0.242656 0.234109 0.373492 0.0532608 -0.55193 -0.345696 
-0.151306 0.423917 0.375779 -0.173052 0.0356882 -0.575803 0.180946 0.503656 0.0143382 -0.0824951 
-0.152302 -0.0346985 -0.338958 -0.209779 -0.0901378 -0.322814 -0.465151 0.0267989 -0.65523 0.240741 
0.401495 -0.0258199 0.0216899 -0.272583 -0.47382 0.319267 0.232595 0.422601 -0.0933968 0.442166 
0.548912 -0.365118 -0.386897 0.0978628 0.33218 -0.440079 0.0649054 0.240691 0.199582 0.0112578 
0.0234288 -0.267491 0.166322 -0.226801 -0.107627 -0.339585 0.601115 -0.543556 -0.235342 0.0985847 
0.166061 -0.121129 0.551929 0.593487 0.20764 -0.0176177 -0.12004 0.0250044 -0.297092 0.392654 
0.127706 0.627419 -0.275917 0.192062 -0.0642645 -0.178495 0.0181717 -0.350501 0.269767 0.495047 
-0.601429 -0.161395 -0.295144 0.122623 0.312226 0.135092 0.400879 0.270547 0.0256102 0.399747 
