0.276636 0.377388 -0.0520361 -0.0335198 -0.344558 0.0741497 0.0397067 0.759196 0.273504 0.0155704 
0.158955 -0.01982 0.330243 -0.0284848 0.133435 -0.619741 -0.568759 0.218965 -0.270803 0.133483 
-0.0452615 0.400027 -0.269972 0.702331 0.354882 -0.0659909 -0.218371 -0.0943399 0.283153 0.0686937 
-0.126092 0.259153 -0.252071 -0.560411 0.200886 0.369345 -0.540934 -0.0812672 0.0971466 0.232202 
-0.239626 0.037257 -0.0700286 -0.0701609 -0.343935 -0.197481 -0.334631 -0.143101 0.277866 -0.751272 
0.191505 0.659016 0.0630521 -0.337216 0.16262 -0.353566 0.391463 -0.296934 -0.0572154 -0.123261 
-0.0299478 0.0702737 -0.175035 0.0560836 -0.685116 -0.250533 -0.0611017 -0.361321 0.0931381 0.534107 
0.0258106 0.321956 0.721266 0.208549 -0.211277 0.452332 -0.17228 -0.203579 -0.104863 -0.0244225 
0.550659 0.0480094 -0.416527 0.137177 -0.162302 0.194307 -0.171025 -0.116508 -0.580865 -0.240485 
0.693812 -0.288817 0.136274 -0.0815053 0.1099 0.0227681 -0.082196 -0.256813 0.569816 -0.000728752 
