0.132361 -0.593271 0.414706 0.276532 -0.312386 -0.358291 -0.366526 -0.137178 0.00799159 0.0536518 
-0.138627 -0.257272 0.232287 0.030308 -0.00537682 0.345009 0.325127 -0.153271 0.640839 -0.448088 
0.0628874 -0.0239464 0.279386 -0.217432 -0.238618 0.606802 0.000629313 -0.467016 -0.468826 0.0841978 
0.501176 0.20643 -0.285733 0.675514 -0.0375322 0.289562 -0.137025 -0.18867 0.162934 0.0455274 
-0.269272 -0.0975438 -0.18778 0.386132 -0.236522 0.00471681 0.162501 0.201947 -0.503831 -0.597176 
0.568876 0.31229 0.32368 -0.13434 -0.359796 -0.268457 0.453761 0.150351 -0.0265206 -0.159088 
0.18777 0.268814 0.270922 -0.143197 0.39643 -0.0274373 -0.549642 -0.0427717 -0.059757 -0.577201 
0.29819 -0.287244 -0.613867 -0.478616 -0.324052 -0.0124873 -0.195145 -0.089005 0.103732 -0.246451 
0.0909242 -0.0887154 0.151988 -0.0473558 -0.187795 0.470995 -0.26417 0.784375 0.0717869 0.105982 
-0.423748 0.518626 0.0316136 0.00700527 -0.601007 -0.0755383 -0.314476 -0.124924 0.262454 -0.0108586 
