-0.374794 -0.0192052 -0.0499647 -0.432326 0.55335 0.162631 -0.297431 -0.0919676 0.267576 0.410602 
-0.290187 0.195346 -0.102195 -0.237191 -0.0768027 -0.241733 -0.597979 0.0913259 -0.274054 -0.552784 
-0.00959771 -0.236136 -0.350781 0.444325 0.261473 -0.303276 -0.156804 -0.610244 -0.244192 0.0819515 
0.281432 -0.0302483 -0.156435 0.052724 -0.0410859 0.684113 -0.250919 -0.335199 0.314628 -0.385514 
-0.507152 0.1735 0.266866 -0.0307403 -0.434644 0.317779 0.102429 -0.454122 -0.316405 0.183857 
0.245749 -0.425683 -0.29146 -0.687117 -0.143957 -0.00610311 0.227049 -0.164555 -0.318441 -0.022978 
0.298357 0.311254 0.0654904 -0.224105 -0.380343 -0.435233 -0.206083 -0.368056 0.445319 0.221942 
0.000355775 -0.697435 0.612531 0.0480305 -0.112226 -0.0838053 -0.326677 -0.0110367 0.0951621 -0.0238756 
-0.218176 -0.265927 -0.536435 0.172952 -0.499514 0.094549 -0.256305 0.32866 0.152555 0.3295 
0.491743 0.198684 0.126997 0.0333749 0.0379477 0.220721 -0.435299 0.146751 -0.512369 0.421627 
