-0.0468426 0.535921 0.125992 0.068748 -0.0533423 -0.0833802 -0.113414 0.217284 -0.663066 0.424811 
-0.467561 -0.16456 0.0590138 0.579493 0.584273 0.14779 0.019267 0.133352 0.0576856 0.174109 
0.123681 0.114836 0.0226089 0.131059 -0.159674 0.181822 0.221157 -0.548342 0.305367 0.672632 
0.434475 0.359162 0.356462 -0.044151 0.427907 0.362449 0.408531 0.0123241 0.00539792 -0.267708 
0.334869 -0.187775 -0.709111 0.208288 0.130334 0.203503 0.105722 -0.191147 -0.443529 -0.0595651 
0.0894414 -0.169822 -0.15625 -0.0350028 -0.275581 0.284466 0.381167 0.729305 0.161527 0.278191 
-0.377966 -0.152581 -0.0119276 -0.649233 0.172727 0.550312 -0.100937 -0.127192 -0.190106 0.130499 
0.0983306 0.416998 -0.477495 -0.262849 0.424171 -0.175172 -0.269286 0.18117 0.416418 0.173219 
-0.0694512 -0.237747 0.0101911 -0.319165 0.296607 -0.590723 0.578628 -0.0541962 -0.165539 0.186018 
0.545563 -0.475114 0.312357 -0.0571619 0.237732 -0.0442835 -0.443824 0.117529 -0.0630942 0.320223 
