-0.0489564 -0.490179 -0.452993 -0.0948062 0.265531 0.131997 -0.526438 -0.235168 0.246794 0.248714 
-0.415401 0.171274 0.315813 -0.367801 0.467671 0.407906 0.162646 0.178065 0.241967 0.247546 
0.485972 0.225799 0.329693 0.0814733 -0.139841 0.139615 -0.472654 0.274723 -0.00277548 0.50949 
-0.0891809 -0.381147 0.445442 -0.326666 -0.457184 0.251485 -0.00112213 -0.45846 -0.23347 0.0684708 
0.119142 -0.0985946 0.476972 0.384781 0.442176 -0.365744 0.0781572 -0.469728 0.181019 0.108237 
-0.145653 0.0264755 -0.272514 0.442641 -0.271993 0.227266 0.451352 -0.140641 0.0978737 0.590915 
0.369234 0.490085 -0.278591 -0.290236 0.238228 0.184038 0.0945826 -0.53075 -0.279954 0.044661 
-0.124108 -0.216567 -0.0564028 -0.155403 0.242094 -0.392535 0.0973765 0.21338 -0.682038 0.421286 
-0.603504 0.485778 -0.000785511 0.0453791 -0.206275 -0.29828 -0.442084 -0.244165 -0.0339438 0.100078 
0.171929 0.0253859 -0.0733655 -0.536611 -0.23408 -0.52068 0.222062 -0.00791015 0.488856 0.24941 
