-0.272415 0.503019 0.311912 -0.0476807 0.460814 0.331534 -0.173612 0.167434 -0.425637 -0.10767 
-0.0396096 -0.260284 0.55072 0.133432 -0.324841 0.595844 0.122055 0.0808266 0.115278 0.338106 
-0.0387844 -0.15599 0.337083 0.721532 0.26912 -0.390184 0.00556592 0.283423 0.135785 -0.128309 
0.178072 -0.455347 0.0833489 -0.317156 -0.0977405 -0.0347484 0.109689 0.543956 -0.417934 -0.400082 
0.502852 0.154171 -0.00854653 0.328607 -0.00572976 0.145617 0.527078 -0.366246 -0.391678 -0.169469 
0.228573 0.487212 0.334048 -0.339754 -0.058382 -0.268454 0.427126 0.295322 0.367103 0.0588704 
-0.333961 0.315287 0.0705736 0.186115 -0.739239 -0.276231 -0.0781405 0.0240351 -0.339213 -0.0701252 
0.302977 0.0385127 -0.168997 0.0733761 0.0651361 -0.171557 -0.114693 0.307574 -0.370738 0.770649 
-0.444766 0.0404682 -0.507967 0.178182 0.0442481 0.229538 0.55789 0.369295 0.0693045 0.0608148 
0.429838 0.28962 -0.274981 0.252068 -0.20984 0.360429 -0.390064 0.369197 0.25874 -0.250721 
