-0.438839 -0.0886668 0.270568 -0.142511 0.523254 0.42844 0.328101 -0.375293 0.0131679 0.00424522 
-0.374784 0.474349 -0.0851612 0.144082 -0.182303 -0.192809 0.393872 0.0625689 -0.334066 -0.515226 
-0.126093 -0.419415 -0.176602 -0.287835 0.0898468 -0.249776 0.314903 0.358596 0.528078 -0.342157 
-0.0694 0.0363324 -0.0434215 0.658758 -0.288866 0.374301 0.0697221 -0.104744 0.558212 -0.0838897 
-0.33497 -0.0346833 -0.616567 -0.248834 -0.191327 0.527978 -0.15003 0.250556 -0.160812 0.134177 
0.487682 0.17936 -0.567918 0.111038 0.35645 0.00314557 0.470543 -0.15082 -0.00777173 0.154441 
-0.301259 0.276929 -0.0364944 0.3379 0.560341 -0.181942 -0.25889 0.486036 0.113303 0.232093 
-0.16618 0.357517 -0.289831 -0.280163 0.0582455 -0.241632 -0.409188 -0.533096 0.386538 -0.138767 
0.39259 0.108099 0.0650938 -0.0440565 0.303346 0.403468 -0.318672 0.175043 -0.0416898 -0.662778 
0.153958 0.583383 0.306936 -0.416249 -0.168517 0.209114 0.230782 0.281228 0.328406 0.236984 
