0.103569 0.262621 0.0350842 0.190181 -0.396132 -0.225023 0.0644936 0.33637 -0.693448 0.277801 
0.606736 0.388718 -0.309694 0.21746 0.156672 0.0623161 -0.490303 0.1738 0.187525 -0.0580681 
0.404149 -0.459475 0.359879 -0.326856 -0.104492 0.0761608 0.00154652 0.595739 0.108502 -0.0761553 
-0.0109261 -0.160178 -0.373537 0.0238574 0.299202 -0.778749 0.244106 0.244172 0.127566 -0.0516968 
-0.296976 0.160269 0.145628 0.0662687 0.0698841 -0.0417503 -0.194407 0.225794 -0.231018 -0.843651 
0.0426997 0.351219 0.485166 0.177005 -0.424325 -0.369824 0.0971099 -0.0834446 0.521408 -0.0549936 
-0.0298516 0.190352 0.137226 0.467079 0.383987 0.356704 0.561428 0.347622 0.110303 0.0546612 
-0.546343 -0.109428 -0.283601 0.185757 -0.30606 0.135653 -0.321643 0.457917 0.322137 0.213567 
0.16713 0.0955783 -0.526489 -0.189208 -0.497923 0.221159 0.477948 -0.00412106 0.102396 -0.337886 
-0.20089 0.580318 0.0277778 -0.696382 0.210027 0.0129506 0.0392318 0.231585 0.0652593 0.182881 
