-0.0112157 -0.66556 -0.187193 0.37409 0.439225 -0.0706447 -0.102994 0.39983 -0.108463 0.0421258 
-0.252068 0.512763 -0.352171 0.136991 0.228314 -0.0790491 0.353904 0.242286 -0.348159 0.408904 
-0.253605 0.00687046 0.241705 0.0542925 -0.239993 -0.662343 0.290789 0.395112 0.324894 -0.178172 
-0.18341 0.112754 -0.18756 -0.205328 -0.176073 -0.364577 -0.754536 0.130508 -0.35232 -0.0436356 
-0.385717 -0.292476 -0.30195 -0.371902 0.0346283 -0.0473657 0.369528 -0.280887 -0.321787 -0.462339 
-0.167877 -0.0130398 -0.142071 -0.637948 0.155519 0.332008 -0.0646016 0.475436 0.410758 0.105522 
0.599082 -0.0467977 0.307588 -0.447135 0.181633 -0.24417 0.19304 0.188489 -0.418969 0.058591 
-0.187286 -0.324504 0.0503837 -0.222947 0.0265108 -0.313915 0.00696647 -0.430974 0.146114 0.707811 
-0.209766 -0.268519 0.263327 0.0351688 -0.617634 0.365344 0.115457 0.280978 -0.380632 0.247408 
0.472699 -0.126631 -0.685191 -0.00468923 -0.475189 -0.114173 0.137453 0.056001 0.152648 0.0827129 
