-0.11045 -0.505675 0.235644 -0.190532 -0.352709 -0.121481 -0.566391 0.171061 0.119218 0.369902 
0.170267 0.17505 -0.428776 0.251609 -0.106365 0.380648 -0.35882 -0.378643 0.479214 0.187714 
-0.243187 -0.519966 -0.448387 -0.280921 -0.141922 0.310547 0.0665902 -0.250632 -0.256723 -0.37522 
-0.171607 0.0239276 0.188279 -0.600541 0.108833 0.041481 0.399826 -0.348199 0.432623 0.303396 
0.196072 -0.477566 0.152666 0.17053 0.47299 -0.140468 -0.0406164 0.00155244 0.505584 -0.424713 
0.182051 -0.198179 0.292019 0.170532 -0.140611 0.731139 0.334301 0.360509 0.0563135 0.118301 
0.362024 -0.00196687 -0.224786 -0.409757 0.60295 0.196978 -0.261089 0.225829 -0.253319 0.254596 
-0.755432 0.223193 -0.055723 0.00518014 0.268221 0.224985 -0.205034 0.389845 0.215155 -0.116214 
-0.311125 -0.285978 0.0879775 0.470358 0.386103 0.0179616 0.0836838 -0.365173 -0.290657 0.467127 
-0.00984872 -0.209202 -0.59512 0.116183 -0.0651038 -0.313293 0.394383 0.420727 0.222131 0.322783 
