0.066777 0.78055 -0.0154996 -0.190279 -0.241803 0.259013 -0.197606 0.306344 0.291026 -0.0817787 
-0.101665 -0.311149 -0.03745 -0.479526 -0.0665157 0.376136 0.258642 0.454041 -0.266414 -0.414215 
-0.177073 0.0272407 0.187042 -0.364653 0.409762 -0.346617 -0.612536 0.245283 -0.257951 0.0999824 
0.171561 -0.517654 0.194808 0.0180644 -0.240842 0.190777 -0.501524 0.0855872 0.554909 -0.056116 
-0.67869 -0.0268841 0.0447787 -0.458619 -0.17689 -0.0529601 0.156718 -0.323573 0.339094 0.219045 
-0.105265 -0.0482064 -0.304119 0.123459 0.471764 -0.283084 0.263575 0.436895 0.553266 -0.0985633 
0.113905 0.023512 -0.398338 -0.19665 0.534422 0.501231 -0.190419 -0.450722 0.0820825 -0.0783663 
0.069305 -0.134169 -0.783419 -0.115091 -0.366846 -0.147347 -0.186696 0.148873 -0.133159 0.345206 
0.182315 0.054091 -0.146967 -0.227493 -0.176217 -0.507286 -0.0672483 -0.33296 0.071413 -0.693979 
0.633798 -0.026325 0.192121 -0.520871 0.0781724 -0.147208 0.312507 -0.0275128 0.138597 0.379449 
