0.694296 0.158516 0.0449962 -0.483059 -0.100755 -0.0153175 0.422135 -0.213125 0.136317 -0.0697539 
0.224873 -0.502961 -0.163768 0.210911 -0.10146 -0.152373 0.119903 0.0217983 0.188153 0.735795 
-0.285991 -0.132229 -0.31867 -0.466655 -0.589761 0.324079 -0.221168 -0.265265 -0.0190922 0.0944255 
0.0798263 -0.0983271 -0.575196 -0.336305 0.65565 0.0951866 -0.127501 0.0574424 -0.27512 0.0763159 
-0.135949 -0.3749 -0.346934 0.281052 0.0914743 0.141663 0.400233 -0.304757 0.361313 -0.479133 
-0.0885461 -0.463634 0.0685079 -0.230512 -0.210532 -0.185953 0.354011 0.53746 -0.407451 -0.245497 
0.425243 -0.27024 -0.0160071 0.0071686 -0.0782861 0.148085 -0.579418 0.383046 0.371214 -0.312287 
0.236737 -0.421562 0.393538 0.133349 0.0912571 0.251609 -0.185499 -0.484026 -0.497686 -0.0746262 
0.303184 0.294555 -0.375609 0.470795 -0.289079 0.413951 0.14176 0.207455 -0.374867 0.00260984 
-0.155247 -0.0416811 0.342765 -0.140341 0.226153 0.742443 0.257898 0.273229 0.217672 0.214625 
