-0.220149 -0.210829 0.519439 -0.0832351 0.375814 -0.0847273 -0.0385786 0.0659382 0.373453 -0.580192 
0.0956003 -0.114792 0.284424 0.0774692 -0.00612821 0.0191076 -0.34795 -0.754153 -0.436267 -0.10118 
0.178235 0.320258 -0.336297 0.492912 -0.219644 0.154696 -0.270286 -0.0762925 0.300505 -0.517936 
-0.296824 -0.365362 -0.358996 0.263028 0.269272 0.223071 0.39401 -0.45143 0.284799 0.13391 
-0.279677 0.0363537 -0.025355 0.199531 -0.336208 -0.599843 0.478213 -0.0583949 -0.28235 -0.308767 
-0.614154 -0.210556 0.106106 0.317579 -0.296724 -0.0686395 -0.503656 0.167986 0.0919354 0.288564 
0.293132 -0.657388 -0.430064 -0.214724 -0.056785 -0.369148 -0.28296 0.0721537 0.0405376 -0.15634 
0.245118 0.254811 0.105106 0.209673 0.26847 -0.627249 -0.0984666 -0.200332 0.397119 0.383312 
-0.149544 0.106661 -0.270114 0.282437 0.677663 -0.0923457 -0.178649 0.260578 -0.488611 -0.0849408 
0.445808 -0.390129 0.355594 0.603669 -0.048651 0.126497 0.21239 0.26912 -0.11193 0.098792 
