0.284771 0.270624 0.22385 0.00789774 0.625446 -0.182647 -0.0867853 -0.0650669 -0.503199 -0.325543 
0.0280104 0.260965 -0.18794 0.272342 -0.361704 -0.321002 -0.204751 0.46084 0.0886814 -0.570604 
0.291528 0.324522 -0.0231258 -0.0522482 -0.440782 -0.130776 -0.515136 -0.451606 -0.209723 0.28591 
-0.754091 0.318257 0.252695 -0.0546849 0.0758586 -0.139371 -0.245845 0.248364 -0.177023 0.290817 
0.303737 0.439811 0.565709 -0.102837 0.0366655 0.0464553 0.0857748 0.146917 0.58244 0.109668 
-0.213572 0.118919 0.399734 0.35553 -0.36222 -0.00237476 0.519128 -0.395006 -0.215194 -0.225865 
-0.213376 -0.393339 0.312798 0.166653 0.146291 -0.0427217 -0.524988 -0.365973 0.360563 -0.333704 
-0.203735 0.351913 -0.174281 -0.415461 -0.0388178 0.641164 -0.074854 -0.166644 0.0218269 -0.430372 
-0.178769 0.389893 -0.489956 0.230977 0.326732 -0.283433 0.168694 -0.397452 0.379564 0.0709576 
0.0872659 0.11793 -0.0457448 0.727556 0.125436 0.575897 -0.195488 0.143079 -0.0592428 0.193542 
