-0.314128 -0.429785 0.289525 0.326563 -0.243714 -0.32643 -0.351677 -0.315126 0.00251864 -0.370405 
0.0922027 0.0628908 0.0024646 0.0342314 -0.323013 0.710693 -0.00388814 -0.359728 -0.44316 -0.226126 
-0.199073 0.014749 -0.0998985 -0.495203 0.444081 -0.199764 -0.316301 -0.0950748 -0.59022 -0.101922 
0.597102 0.0231047 0.228824 -0.067778 0.403883 -0.0660447 0.000706189 -0.579046 0.258539 -0.127909 
-0.0255989 0.381406 0.0272518 0.454647 0.35985 0.268091 -0.603408 0.239697 0.11448 -0.101984 
-0.122048 -0.369367 -0.391097 -0.429145 0.00380801 0.342559 -0.287254 -0.00636345 0.53023 -0.174609 
-0.131136 -0.590207 0.0667407 0.305963 0.549237 0.302351 0.325897 0.0996539 -0.134717 0.0950002 
-0.134337 0.177252 -0.749857 0.349255 0.115239 -0.195183 0.243892 -0.314318 -0.00258972 -0.237929 
-0.436372 0.340089 0.350518 -0.189221 0.167847 0.101036 0.401456 0.0454839 0.217161 -0.535235 
-0.505417 0.182351 0.102602 -0.00998709 0.0575836 0.123088 -0.0527831 -0.508594 0.169812 0.626033 
