-0.571413 0.0291758 -0.0113215 0.0350974 -0.440634 -0.180296 0.25586 0.26821 -0.214064 -0.511259 
0.584024 -0.033013 0.522841 -0.210591 -0.0684384 0.127139 0.0919165 0.336378 0.00131986 -0.444596 
0.00309207 -0.349784 0.182057 0.572131 -0.200682 0.0650992 -0.234583 0.518911 -0.118786 0.366393 
0.433688 -0.00349267 -0.330617 0.518488 -0.300613 -0.328111 0.135448 -0.222832 0.323151 -0.251622 
0.0586476 -0.0912501 -0.373704 0.325373 0.557718 0.374699 0.166125 0.128219 -0.344901 -0.358145 
0.254427 -0.424044 -0.341666 -0.376519 -0.0679849 -0.323577 0.419711 0.1802 -0.315073 0.28236 
-0.0460432 -0.544557 -0.338579 -0.289024 -0.211744 0.30114 -0.475357 -0.0132461 0.261805 -0.270121 
-0.247029 -0.324 0.163148 0.01972 0.504885 -0.355127 0.181144 0.222015 0.579446 -0.0900488 
-0.0962987 -0.530019 0.422953 0.163256 -0.0492646 0.124636 0.252666 -0.620027 -0.190589 -0.0412942 
0.0609759 -0.0715492 0.0867454 0.00678048 0.229506 -0.601662 -0.571262 -0.1148 -0.42046 -0.229381 
