0.401656 0.380525 0.292955 -0.185293 0.0577418 -0.472093 0.00714426 -0.508409 -0.13806 -0.264422 
0.500845 -0.230785 0.0367858 0.0273225 -0.518758 -0.0232197 0.318889 0.266112 -0.484879 0.128571 
0.0989061 0.260178 0.278879 -0.343412 -0.30068 -0.016724 -0.380123 0.131056 0.2902 0.624697 
0.236562 -0.0951643 0.133687 -0.183503 0.535745 -0.330704 -0.0915326 0.681992 0.0156047 -0.115387 
-0.135875 0.0660622 -0.661249 -0.661344 -0.142651 -0.13125 -0.106998 0.0247779 -0.191056 -0.128088 
0.52667 0.289617 -0.484101 0.164171 0.0589074 0.105801 0.281153 0.0361383 0.528947 0.0513193 
-0.00263285 -0.155533 -0.362485 0.477436 0.0230891 -0.587827 -0.346423 -0.108568 -0.119793 0.352481 
-0.193342 -0.153155 0.102119 0.0583285 -0.535493 -0.415822 0.049633 0.183408 0.49707 -0.42719 
0.196071 -0.7477 0.0375648 -0.328172 0.15904 -0.0400476 0.113582 -0.374634 0.289232 0.172013 
-0.387823 0.173915 0.0483742 -0.0997121 0.117157 -0.344198 0.720776 0.0268361 -0.00115152 0.393227 
