-0.172083 -0.266164 0.159389 -0.464833 0.146995 -0.135387 -0.018113 0.448311 0.248863 -0.595726 
0.244049 0.292401 -0.200783 0.244989 0.169888 0.403718 -0.13747 0.731573 0.0487918 0.0792553 
-0.0326507 0.0338511 0.115993 -0.0672604 0.47712 0.342648 0.107932 -0.147997 -0.716527 -0.296302 
-0.653348 -0.0710193 -0.317247 0.05678 0.218455 0.389626 -0.371961 -0.216546 0.280971 0.0223527 
0.12832 0.0158701 0.354996 0.194962 -0.397239 0.602115 0.202254 -0.197516 0.282902 -0.372767 
-0.336762 0.199155 0.391072 -0.277437 0.188832 0.153514 0.518424 0.13765 0.158208 0.495031 
-0.151536 0.840287 0.228692 -0.0930535 -0.0717619 -0.210158 -0.317473 -0.0945605 0.00904992 -0.225536 
0.317679 0.243702 -0.412048 -0.0528069 0.451214 -0.0683327 0.401423 -0.295424 0.409804 -0.206154 
-0.313227 -0.047802 0.208725 0.766087 0.219488 -0.338354 0.227122 0.120677 0.048163 -0.194997 
0.361979 -0.172617 0.52495 0.0533398 0.473064 0.00618414 -0.455615 -0.162122 0.260627 0.187442 
