-0.143782 -0.618041 -0.0517562 0.133968 0.0321098 0.514811 -0.247487 -0.28783 -0.162206 -0.374509 
0.520827 -0.224455 -0.102542 -0.0153592 0.660148 0.145917 -0.126369 0.188979 0.321717 0.235241 
0.180307 0.585827 -0.18874 -0.175744 0.219123 0.2827 -0.337803 -0.282429 -0.485549 -0.0147924 
-0.307317 -0.299401 0.0907119 -0.396289 0.0214912 -0.217182 -0.504627 0.28904 -0.313416 0.408155 
0.287264 -0.0680133 0.0360009 -0.392308 -0.538471 0.477271 0.104868 -0.134268 0.179757 0.422582 
0.265257 0.11664 -0.0636643 -0.167926 -0.325776 -0.0783978 -0.521685 0.340752 0.313101 -0.534047 
0.535173 -0.319225 -0.338177 -0.030485 -0.189786 -0.333629 0.244136 0.0601176 -0.52567 -0.0975724 
0.265195 0.0643139 0.623469 0.48951 -0.126425 0.212648 -0.0985163 0.345581 -0.312134 0.0971636 
-0.174058 0.0561314 0.0210551 -0.412825 0.185638 0.369649 0.441426 0.557408 -0.179027 -0.294911 
0.202969 -0.0859603 0.658852 -0.448116 0.179311 -0.243904 0.0818882 -0.387616 -0.0069065 -0.260539 
