-0.00809328 -0.0417182 -0.0201737 0.437916 0.288221 0.261008 -0.00606865 0.363302 -0.449316 -0.566489 
-0.628227 0.629412 0.211038 0.125621 -0.153329 -0.307512 -0.123264 0.0811617 -0.0804279 -0.0503165 
-0.33087 -0.151632 -0.285708 0.145855 0.323059 0.211514 -0.689664 -0.127986 0.347856 0.0500447 
-0.17519 -0.614638 0.350957 0.0503375 -0.00106543 -0.45501 -0.24594 0.0804913 -0.379257 0.219061 
-0.232342 -0.078306 -0.0921407 -0.485441 0.0924225 -0.0062977 0.0249349 -0.612003 -0.319047 -0.458477 
0.0145379 0.0816418 0.696492 0.206422 0.142772 0.492936 0.0177483 -0.399105 -0.0381838 0.202448 
-0.217933 -0.111976 0.372086 -0.509693 0.375881 0.0657848 0.153568 0.450206 0.370276 -0.180954 
-0.105321 -0.305225 0.153115 0.402555 -0.288969 -0.199889 0.21363 -0.218972 0.523916 -0.467672 
0.419832 0.125192 0.290066 -0.230707 -0.407939 0.0301181 -0.610814 0.116352 0.0301929 -0.340353 
-0.419594 -0.259148 -0.103126 -0.123757 -0.607389 0.545273 0.073453 0.201397 -0.105138 0.0870507 
