-0.310174 -0.489785 0.00900299 -0.552027 -0.0314571 0.201186 0.323943 0.45498 -0.031971 -0.0682134 
0.113377 0.14761 0.647463 0.147741 0.410337 -0.14191 0.561662 0.102685 -0.0528976 0.083668 
0.381397 -0.0800978 -0.307038 -0.0412588 -0.1374 -0.173231 0.222745 0.160198 0.0467742 0.79107 
-0.145731 0.518981 -0.232148 0.2434 -0.425824 0.354303 0.476548 0.214165 -0.00650877 -0.128142 
-0.274619 0.203681 -0.449102 -0.307553 0.39118 -0.182139 0.330582 -0.476452 -0.253468 0.00912123 
0.471506 -0.100703 0.0927966 -0.273981 -0.0468977 0.543821 0.199313 -0.497171 0.304771 -0.078314 
0.30598 0.267316 -0.329872 -0.110666 0.542691 0.0542937 -0.120235 0.459487 0.371802 -0.229291 
0.570667 -0.143758 -0.132221 -0.0307619 -0.176732 -0.260616 0.146608 0.0912916 -0.544556 -0.457951 
-0.0847144 -0.46128 -0.244696 0.442591 -0.0107889 -0.299707 0.342023 -0.126431 0.491272 -0.245006 
0.00648209 0.325629 0.189916 -0.483485 -0.38645 -0.542436 0.0307119 -0.035861 0.400863 -0.132653 
