-0.574016 0.203481 -0.00116893 -0.206814 0.602182 -0.237951 0.245444 0.0334677 0.318815 -0.0638553 
-0.384947 -0.393435 -0.350396 -0.245447 -0.356858 -0.425667 -0.120773 -0.0505112 -0.222492 -0.37259 
0.0440028 -0.19689 0.0357518 -0.685173 0.200257 0.46141 0.191598 0.124747 -0.426522 0.0369248 
0.279625 -0.234027 -0.082595 -0.0903997 -0.0643189 0.0322608 0.123362 0.687257 0.508868 -0.316833 
0.282369 0.365262 0.341402 -0.0648106 0.151145 -0.156153 -0.0923239 -0.086608 -0.235563 -0.739833 
-0.139233 0.612523 0.132386 -0.383728 -0.587725 -0.0907058 0.117672 0.184212 0.0788082 0.181706 
-0.224599 -0.31468 0.757672 0.114664 -0.0212693 -0.24684 -0.0922598 0.347697 -0.199726 0.180665 
0.262137 -0.312749 0.324733 -0.309781 -0.132602 -0.188595 0.310322 -0.56131 0.408028 0.0324137 
0.253897 0.0373138 -0.0650776 -0.396758 0.231804 -0.282078 -0.737975 0.0326851 0.145878 0.268764 
-0.399315 -0.0586784 0.226464 -0.0370532 -0.160483 0.582726 -0.448836 -0.173149 0.344425 -0.26279 
