-0.100627 -0.228432 -0.527807 -0.296323 -0.511661 0.238517 -0.376072 -0.0323738 -0.271323 -0.191113 
0.535343 -0.125934 0.410283 0.042758 -0.380983 0.298679 -0.286534 0.203681 0.145237 0.385161 
-0.259912 -0.0627425 0.0619644 -0.537231 0.403316 0.32214 0.0102326 0.104499 -0.266388 0.53631 
0.418019 0.345902 -0.537111 0.164542 0.0660124 -0.0954267 0.029102 -0.35532 -0.12758 0.482918 
-0.235159 0.476255 -0.271242 0.281168 -0.0468652 0.459388 0.0705238 0.544649 0.223806 0.0177451 
0.135074 -0.128645 -0.0603704 0.0665017 -0.179232 -0.390072 0.353452 0.591144 -0.536178 0.104839 
0.470256 0.418356 0.0858795 -0.527386 0.0134554 0.188959 0.296602 0.00407546 -0.0835991 -0.432967 
0.338452 -0.327809 -0.116284 0.344711 0.556291 0.344411 -0.190292 0.105501 -0.284335 -0.298961 
-0.0933164 -0.255382 0.0673996 0.231959 -0.262541 0.468411 0.658891 -0.351624 -0.136932 0.0534768 
-0.207473 0.466161 0.397621 0.245823 -0.114649 0.0639797 -0.295453 -0.198527 -0.611464 -0.0573166 
