0.392784 -0.309523 -0.141027 -0.0722997 -0.298426 0.306692 0.295299 0.323001 0.20511 0.555051 
0.0127928 -0.336173 0.344673 -0.401309 0.243315 -0.145389 0.0624936 0.637965 -0.182402 -0.287159 
-0.0355106 -0.0116432 -0.362194 -0.106975 -0.660574 -0.144045 -0.520146 0.266239 -0.152779 -0.184641 
0.380862 0.430885 0.0515223 0.0055265 0.366087 0.00475974 -0.553795 0.287945 0.33045 0.183727 
-0.213472 0.483229 -0.274794 0.299097 -0.0321644 0.0179718 0.465265 0.505057 0.161486 -0.238661 
0.132131 0.567092 0.351303 -0.582617 -0.348385 0.0458234 0.219644 -0.148866 -0.0628069 0.0164556 
-0.668771 -0.0642469 -0.141405 -0.436598 0.099647 0.312285 -0.146388 0.0140297 0.437041 0.133872 
-0.0829522 -0.149547 0.538061 0.272145 -0.35999 -0.298845 -0.0239966 0.00612871 0.614722 -0.0989184 
0.257274 -0.0896459 0.0796274 0.0724611 -0.0605586 0.726396 -0.0804329 -0.0830547 0.130974 -0.593585 
-0.34042 0.125516 0.461195 0.351307 -0.125562 0.383571 -0.196118 0.224721 -0.41959 0.323004 
